Group	liver weight	TG-liver	Group	Swat	Pwat	Ewat	WAT	liver-PPARγ	liver-FXR	liver-TGR5	SREBP1	CPT1B	Adipocytes area(iWAT)	Adipocytes area(eWAT)	hepatic steatosis 
ABX	3.106787	0.04275	ABX	0.9977	0.7288	1.5559	3.2824	1.43	1.07	1.44	1.769489662	0.732465815	8859.514	14099.74	2
ABX	3.197454	0.065436	ABX	0.9952	1.0016	1.8354	3.8322	0.97	0.95	0.8	0.312804535	1.279724566	9219.214	11772.33	2
ABX	2.646121	0.076568	ABX	1.4374	0.9785	1.7398	4.1557	0.82	1	0.89	0.506394392	0.348887384	11262.69	14141.66	2
ABX	2.785464	0.079898	ABX	0.8374	0.7421	1.7414	3.3209	1.16	1.11	1.05	3.211691527	3.195038539	10323.16	11296.46	1
ABX	2.881693	0.071404	ABX	1.4455	0.7827	2.1175	4.3457	1.04	1.01	0.71	1.870382496	1.712178759	11406.97	11016.14	1
ABX	2.74117	0.071397	ABX	1.5199	0.9737	2.1475	4.6411	0.73	0.87	1.31	0.593917041	0.558966347	14701.97	8488.157	1
ABP	3.414939	0.040424	ABP	0.4053	0.3352	0.7007	1.4412	0.56	1.3	1.59	1.085480142	0.170262584	4353.871	9501.514	1
ABP	3.200279	0.066933	ABP	0.677	0.6364	1.7244	3.0378	1.17	1.97	2.74	0.465977866	1.736079884	2586.986	6713.614	1
ABP	4.032042	0.022327	ABP	0.5905	0.476	1.2446	2.3111	0.63	1.31	1.77	2.068139259	0.67869408	3729.786	9250.729	1
ABP	2.907692	0.022758	ABP	0.6611	0.6012	0.3531	1.6154	0.4	1.25	1.62	0.713672127	0.871053558	3092.743	8988.914	1
ABP	2.503106	0.026931	ABP	1.0356	0.8501	1.6387	3.5244	0.51	0.91	1.29	0.998845422	0.227799002	3723.014	6424.857	1
ABP	3.711717	0.035134	ABP	0.4445	0.341	0.8984	1.6839	0.52	1.39	1.43	1.183724489	0.099155275	1747.786	5054.314	1

Group	DCA	CA	LCA	TCA	TCDCA	UDCA	CDCA	3-β-UDCA	12-K-LCA	HDCA	3-K-5β-CA
ABX	199.9824	5.66802	9.860102	18.14741	5.601015	25.3867	6.105381	1.613604	49.53015	18.0067	12.25157
ABX	323.2503	162.4378	12.32143	22.06745	7.025204	201.4782	92.595	13.17276	84.53112	9.664898	10.54408
ABX	294.3805	10.08761	13.75902	19.51668	7.148195	38.34995	18.70156	1.754049	58.91385	7.062732	13.78127
ABX	268.7267	22.85222	7.011243	18.62562	3.612324	46.00119	13.44227	2.226162	25.45557	22.6787	5.033514
ABX	500.1396	38.64746	9.697608	20.8823	4.5	63.6867	24.1978	2.826316	50.4201	39.93388	3.150431
ABX	72.62254	7.036976	5.585268	28.44849	20.0242	21.80459	8.728098	0.975805	24.57161	5.722537	10.25327
ABP	716.9221	16.49243	15.72981	10.55523	2.380935	58.98869	14.90243	3.624673	157.6236	58.8729	6.30729
ABP	343.574	299.9978	9.147047	97.77513	12.49927	284.8113	68.49762	7.05513	63.95627	53.78611	7.749948
ABP	596.8809	2.896335	16.48963	8.799267	2.263037	52.86754	2.38178	2.423246	137.4418	60.14105	13.01309
ABP	464.8516	8.1	15.16522	9.564928	1.178551	23.39536	9.988406	2.842029	29.05855	11.99826	1.924638
ABP	881.3542	21.84626	20.99341	15.4411	3.574286	73.66582	16.59495	4.003516	171.7632	70.46967	7.298571
ABP	555.4279	1.781604	13.965	18.39481	1.86	45.8216	1.193208	3.06283	71.89358	89.4733	15.48311

	Iwat	Ewat
ABX	6141.5	13803.9
ABX	3804.2	15300.9
ABX	8114	12113.6
ABX	12744.7	10984.2
ABX	4861.1	18889.9
ABX	11545.1	16428.2
ABX	14806	11177.5
ABX	12799.8	14654.1
ABX	7573.1	10545.9
ABX	10104.9	9826.7
ABX	9550.3	9802.4
ABX	7254.7	9219.8
ABX	8138.6	15108.8
ABX	9113.1	13248.6
ABX	7850.9	12336.3
ABX	15610.5	12021.7
ABX	15365.5	11311.5
ABX	8702.5	14636.1
ABX	9074.8	12573.2
ABX	9524.2	17950.7
ABX	12710.4	18162.1
ABX	11618.7	11208.3
ABX	9669.8	9249.5
ABX	10799.7	10922.9
ABX	9917.6	7579.5
ABX	11046.8	10263
ABX	9421.3	18698.1
ABX	9788.2	11153.9
ABX	10356.6	10378.1
ABX	7972.8	12753.1
ABX	8698.9	5904.6
ABX	13612.8	11864.3
ABX	16016.3	9491.6
ABX	12701.4	12740
ABX	10490	13981.3
ABX	18170.7	8013.8
ABX	14152.9	5554.8
ABX	15994.5	8578.1
ABX	12663.4	8191.5
ABX	16030.3	8199
ABX	12977.7	11293.2
ABX	12924.3	9586.7
ABP	2685.8	9107.4
ABP	1647.3	11311.3
ABP	2803.3	11260.2
ABP	4028.6	8585
ABP	6522.8	9133
ABP	5666.4	8473.3
ABP	7122.9	8640.4
ABP	5601.3	8466.7
ABP	2323.7	6185.2
ABP	1103.3	6801.9
ABP	2750.9	4756.4
ABP	2276.9	7669.8
ABP	2169.2	8757.2
ABP	1883.6	4358.1
ABP	2116.9	8862.4
ABP	2686.1	6589
ABP	6005	9426.8
ABP	1773.4	9999
ABP	3104.4	9068.2
ABP	4495.1	10888.9
ABP	5927.6	9920.8
ABP	2340.5	7846.9
ABP	2774.7	10468.6
ABP	2858.5	6078.9
ABP	3295.6	8778.9
ABP	1607.7	8627.3
ABP	5890.7	10510.2
ABP	2881.5	10611.6
ABP	3874.3	7884.7
ABP	2545.3	6748.1
ABP	2637.2	7575.9
ABP	1829.3	4628.1
ABP	4481.8	4903.3
ABP	5814.6	5268.5
ABP	4878.6	7965.4
ABP	1645.9	4086
ABP	1509.3	5010.6
ABP	1740	4181.7
ABP	1869.4	5405.6
ABP	1675.2	4985.9
ABP	2468.8	5464.8
ABP	1325.9	6245.6
