Group	eWAT	pWAT	sWAT	WAT	FXR-EWAT	TGR5-EWAT	PPARY-EWAT	CPT1B-EWAT	liver-fxr	liver-TG	Group	ALT	AST	ALP	GLU	TG	CHOL	LDLC	HDLC	DAO	TBA
ABP	1.1567	0.6308	0.6807	2.4682	0.45	2.004626324	1.374180417	1.197478705	1.296839555	0.023502	ABP	25.8	95	49	6.8	1.14	5.22	0.98	4.07	1.3	2.7
ABP	1.27	0.6147	0.7657	2.6504	0.576057894	0.91594529	0.400138521	0.812252396	1.2397077	0.043137	ABP	29.4	117	45	7.1	1.26	4.81	0.82	3.66	1.2	3
ABP	0.8995	0.4484	0.5119	1.8598	0.855171521	0.28783887	0.394629696	0.840896415	0.920187651	0.031423	ABP	36.8	197	62	6.2	1.14	4.79	0.51	3.9	0.8	4.9
ABP	1.7228	0.7127	1.056	3.4915	0.580064693	0.136156082	0.434844481	0.140632311	1.448942155	0.038262	ABP	31.8	114	49	8.6	1.05	5.04	1.06	3.93	0.6	3.2
ABP	1.4149	0.6115	0.7089	2.7353	0.330858377	0.1129169	0.251489736	0.400534939	1.394743666	0.040476	ABP	41.8	129	43	6.1	1.41	5.16	1.08	3.79	0.8	3.3
ABP	1.0661	0.5662	0.7615	2.3938	0.487774321	 	0.223534812	0.059954007	1.409320755	0.04818	ABP	24.4	107	51	5.5	0.9	4.27	0.73	3.34	0.4	3.6
ABP	1.834	0.8516	1.24	3.9256	0.050916805	 	0.023989908	0.012603777	1.20163605	0.055697	ABP	37.5	138	69	9	1.26	4.43	0.72	3.35	1.1	2.8
ABP	2.0199	1.173	1.3901	4.583	0.276295834	0.080958891	0.280986248	0.154963462	1.319507911	0.051391	ABP	34.9	133	48	7.3	1.09	5.06	1.21	3.75	0.6	5.8
GR7	0.837	0.3592	0.519	1.7152	2.336397448	1.572797936	1.739377924	2.848100391	0.989656656	0.031813	GR7	31.9	151	59	6.6	1.12	3.91	0.51	3.17	0.8	3
GR7	0.7277	0.391	0.5168	1.6355	1.08996795	0.351923396	0.66830169	0.408951029	1.01395948	0.038153	GR7	44.6	244	61	8.9	1.55	4.82	0.66	3.66	2.6	5.1
GR7	1.3843	0.8676	1.0438	3.2957	0.699446547	 	0.822775893	0.230046913	0.690158677	0.075169	GR7	33.9	118	65	9.3	1.32	5.49	0.81	4.33	-0.2	3.6
GR7	1.5373	0.9263	0.858	3.3216	1.024049685	1.806670402	1.179823809	0.993092495	1.404444876	0.063093	GR7	44.3	188	56	8.2	1.43	4.91	0.66	3.9	1.1	2.3
GR7	1.9013	1.0599	1.3275	4.2887	0.797903243	0.675174973	0.701527434	1.693490625	1.197478705	0.046395	GR7	42.4	226	47	10.2	1.38	4.85	0.77	3.72	1	3.5
GR7	2.0904	1.0478	1.2309	4.3691	2.977880197	4.267328972	3.135230317	4.924577653	0.936272247	0.099053	GR7	36.6	153	56	10.5	1.19	4.85	0.7	3.95	1.4	3
GR7	2.6684	1.3948	1.8757	5.9389	0.230731313	0.210710386	0.402921705	0.450625231	0.917004043	0.087792	GR7	40.5	138	54	12.5	1.37	4.77	0.72	3.69	0.8	3.8

Group	DCA	CA	LCA	TCA	UDCA	3-β-UDCA	HDCA	copies
GR7	20.39337	1.032	1.462105	4.513895	4.510421	0.187263	4.520211	4.13E+05
GR7	0.700323	1.257097	0	9.365161	1.272258	1.661935	3.34129	1.16E+05
GR7	10.36101	0.941608	1.533467	9.327739	8.057487	1.861508	4.426432	4.74E+05
GR7	5.476701	1.096701	0	7.743093	0	0.853918	3.088454	5.54E+05
GR7	3.988732	1.130986	0	13.82028	4.483944	0.577183	1.777465	2.18E+05
GR7	10.86113	1.931038	0.378113	8.271509	5.070566	0.863208	4.405189	2.66E+05
GR7	0	0.271895	0	3.994105	0	0.520421	0	1.06E+06
ABP	176.2569	6.255429	4.622571	6.813143	0	1.617429	6.236	6.95E+06
ABP	153.1009	1.121212	11.73576	6.898182	46.09788	2.097273	40.2097	1.34E+07
ABP	9.023941	0.918325	1.114286	8.041773	7.07468	0.478522	8.576453	9.93E+06
ABP	6.61399	0.964352	0.455751	6.770363	5.058031	0.963109	8.466839	1.13E+07
ABP	41.84762	0.945149	2.398812	6.951386	2.958119	0.784752	1.55198	1.95E+07
ABP	46.78938	1.154928	3.093589	8.575407	4.77244	1.293014	5.329091	3.02E+07
ABP	339.5337	6.181194	6.563284	3.850746	54.28448	4.153731	33.36	1.52E+07
ABP	233.096	5.058247	5.128763	5.894536	17.28186	2.004742	7.304227	2.33E+07

Group	Ewat	Swat
ABP	6642.4	6717.5
ABP	9203.8	8146.3
ABP	6868.1	4914.5
ABP	5793.7	5784.9
ABP	10920.6	8973.3
ABP	9846.3	6704.7
ABP	8037.9	7206.8
ABP	8414.6	5963.1
ABP	9084.2	6938.3
ABP	8162.3	7572
ABP	9495.7	4462.1
ABP	7530.8	5560.7
ABP	10440.3	5284.7
ABP	10426.7	7445.1
ABP	6571.8	4457.9
ABP	8186.2	3713.8
ABP	8235	3744.6
ABP	6211.6	2371.3
ABP	7608.8	2718.7
ABP	5526.6	3697.5
ABP	6773.3	3444.9
ABP	11764.5	9543.6
ABP	7690.5	6723.8
ABP	9228.2	7739.8
ABP	11918.6	12540.4
ABP	13537.8	7514.5
ABP	10152	11855.4
ABP	8616.8	7149.7
ABP	7293.1	2803.9
ABP	5529.7	3072.2
ABP	7734.8	7068.7
ABP	8484.1	6105.2
ABP	9893.6	6110.3
ABP	9090.4	4889.7
ABP	8955.7	5474.8
ABP	10570.6	5848.2
ABP	7387.9	4554.2
ABP	6160.5	4517
ABP	7792.2	7017.4
ABP	8771.2	5297.4
ABP	8140.8	5584.3
ABP	7863.7	6831.3
GR7	16263.8	13508.8
GR7	9809	10214.1
GR7	12197.3	5687.4
GR7	13952.6	4662.1
GR7	17286.1	4571.3
GR7	10856.5	8270.7
GR7	11310.2	10914.6
GR7	7968.2	6342.5
GR7	7423.3	8535.7
GR7	6377.3	3135.1
GR7	8689.5	7298.6
GR7	5455.6	8207.8
GR7	7609.9	9047.8
GR7	7474.4	9931
GR7	17887.5	17870.6
GR7	13257.2	12736.1
GR7	13302.4	14218.7
GR7	11527.4	17156.7
GR7	13742.1	21818.6
GR7	15680.3	11648
GR7	14845.3	16882.4
GR7	8858.1	8586.9
GR7	11425.5	9071
GR7	6152.8	9518.3
GR7	14722.4	5437.5
GR7	7287.8	11779.4
GR7	12478.6	9571.3
GR7	12327.4	10118.8
GR7	18981.7	6392.4
GR7	9923.8	7721.4
GR7	18987.9	8232.6
GR7	14434.7	7932.7
GR7	13035.3	9062.8
GR7	15029.9	10373.1
GR7	16385.7	10187.5
GR7	14233.5	8781.3
GR7	9397	8148.8
GR7	11677.1	10311.2
GR7	10836	9677.3
GR7	11939	10618.2
GR7	9761.4	13478.8
GR7	14420.5	9242.1
