Group	FOOD INTAKE	energy intake kcal
NC	238.13	773.9225
NC	200.53	651.7225
NC	206	669.5
HFD	134.2325	703.3783
HFD	134.715	705.9066
HFD	132.302	693.26248
BPS	133.515	699.6186
BPS	146.285	766.5334
BPS	125.836	659.38064
HK	145.1325	760.4943
HK	139.255	729.6962
HK	132.71	695.4004
BP	128.71	674.4404
BP	124.2925	651.2927
BP	118.776	622.38624

Group	Liver weight	sWAT	pWAT	eWAT	WAT	ALT	AST	ALP	LIVER-TG	Fxr	Tgr5
NC	1.3505	0.654747	0.1521	0.514	1.320847	40.6	154	90	0.008345	1.41	0.79
NC	1.1587	1.149123	0.1135	0.4804	1.743023	33.9	172	106	0.025906	1.79	0.97
NC	1.0912	1.342857	0.144	0.6582	2.145057	33.2	152	94	0.010102	1.81	2.13
NC	1.211	1.349615	0.117	0.7055	2.172115	35.6	222	127	0.011066	1.34	0.62
NC	0.939	0.924194	0.1155	0.6155	1.655194	30.6	173	122	0.018448	1.19	1.85
NC	1.0288	1.068651	0.1204	0.3226	1.511651	41.1	224	110	0.022498	1.2	2.12
NC	1.2917	1.277397	0.2086	0.6775	2.163497	35.3	172	117	0.017361	1.34	1.16
NC	1.0961	1.529553	0.243	0.6733	2.445853	44	179	127	0.019988	2.49	2.06
HFD	1.3631	2.129178	0.8648	1.9394	4.933378	102.2	199	87	0.039977	0.9	0.59
HFD	1.4874	5.055696	0.8774	2.2991	8.232196	40.3	133	72	0.051136	0.86	1.21
HFD	1.4059	2.717857	0.8776	2.2056	5.801057	48.2	130	63	0.030638	0.91	1.37
HFD	1.2789	2.634026	0.8664	2.1299	5.630326	50.6	162	66	0.049493	1.18	1.43
HFD	1.3497	3.839494	1.2723	2.699	7.810794	47.2	218	74	0.070021	1	0.59
HFD	1.4098	5.87371	2.7029	1.5862	10.16281	57.3	340	84	0.058446	1.26	1.05
HFD	1.4295	4.285965	1.1462	2.7026	8.134765	61.3	240	78	0.060827	0.84	0.86
HFD	1.5583	5.947045	1.049	2.9431	9.939145	55.1	182	88	0.072998	1.14	1.35
BPS	1.3255	3.716583	0.8697	2.2984	6.884683	39.5	171	74	0.036272	1.04	0.77
BPS	1.4977	3.752605	0.983	2.3459	7.081505	40.5	201	83	0.05298	1	1.05
BPS	1.4202	4.624515	0.9775	2.6201	8.222115	51.8	152	91	0.064984	1.27	1.29
BPS	1.5296	4.386761	0.9134	2.8616	8.161761	45.6	168	73	0.07299	0.76	0.44
BPS	1.3285	2.906977	0.9063	2.1665	5.979777	34.5	147	75	0.052231	1.48	0.9
BPS	1.3049	4.008399	0.947	2.5299	7.485299	40.5	175	84	0.059185	1.08	1.13
BPS	1.5488	5.039892	0.8698	2.3357	8.245392	52.7	261	82	0.059634	1.1	0.94
BPS	1.393	3.51928	1.2816	2.1923	6.99318	40.6	160	82	0.060141	3.7	0.08
HK	1.2727	5.606938	1.4238	2.8536	9.884338	45.4	187	60	0.06970995	1.04	1.19
HK	1.6496	4.228506	1.1799	2.6395	8.047906	52.2	184	83	0.064752598	0.92	1.05
HK	1.4317	3.815306	0.9766	2.427	7.218906	47.9	245	74	0.064379879	0.92	0.93
HK	1.1179	5.198232	0.8862	2.6609	8.745332	37.3	205	73	0.057261852	1.21	1.03
HK	1.3335	4.85792	0.48	1.4934	6.83132	60.8	226	65	0.029084056	1.03	0.53
HK	1.3575	1.916111	1.2241	3.0791	6.219311	42.9	210	76	0.060106348	1.17	1.51
HK	1.241	2.610512	1.0028	2.0997	5.713012	45.9	169	61	0.038126105	1.46	1.66
HK	1.3635	3.833156	0.849	1.9724	6.654556	31.5	127	74	0.049270106	1.46	0.71
BP	0.7591	3.846479	1.0564	2.3226	7.225479	32.6	171	68	0.023384	1.76	1.33
BP	1.2271	2.73743	0.9521	2.0235	5.71303	31.5	221	65	0.038022	1.01	0.87
BP	1.2078	3.170621	0.8872	2.3266	6.384421	32.5	142	64	0.049576	1.84	1.24
BP	1.092	3.159347	0.9899	2.0633	6.212547	31.3	171	70	0.051051	1.08	0.83
BP	1.2476	2.561475	0.8754	1.78	5.216875	35	157	75	0.038137	2	0.84
BP	1.1468	1.939067	0.6271	1.3781	3.944267	39	216	49	0.031841	0.89	0.56
BP	1.007	1.8525	0.4453	1.1593	3.4571	41.2	340	63	0.034904	1.02	0.44
BP	0.8527	2.951761	0.4297	1.0185	4.399961	34.2	212	62	0.034549	1.61	2.47



Group	hepatic steatosis
NC	0
NC	0
NC	0
NC	1
NC	1
HFD	1
HFD	2
HFD	2
HFD	2
HFD	2
BPS	2
BPS	2
BPS	1
BPS	2
BPS	2
HK	0
HK	2
HK	0
HK	2
HK	2
BP	1
BP	1
BP	0
BP	2
BP	0

Group	sWAT	eWAT
NC	1415.9 	5171.7
NC	1903.9 	5341.4
NC	1725.0 	5070.3
NC	1394.7 	3883.2
NC	2036.1 	4118
NC	1914.2 	3846.8
NC	1687.5 	5327.9
NC	2563.4 	2856.6
NC	2528.4 	2703.2
NC	2178.5 	3506.8
NC	2673.2 	2699
NC	2438.3 	3598.5
NC	2344.1 	3029.5
NC	2726.7 	2684.5
NC	1805.9 	3735.4
NC	1485.3 	3768.3
NC	1374.4 	2903.5
NC	1304.7 	4151.4
NC	1420.7 	3756.9
NC	1589.6 	3258.4
NC	1779.9 	4318.4
NC	1974.0 	4221.2
NC	2099.2 	4266.3
NC	2078.4 	4356.3
NC	1344.0 	4216.2
NC	1836.5 	3864.1
NC	2365.6 	4569.2
NC	2205.9 	3570.3
NC	2168.8 	2601.5
NC	1723.3 	3095.7
NC	1894.1 	3400.5
NC	1445.7 	2803.2
NC	1832.5 	2825.4
NC	1652.5 	2999.9
NC	1375.9 	3679
HFD	7736.2 	16033.9
HFD	7676.5 	16361.3
HFD	6357.9 	13381.6
HFD	6157.8 	14632.2
HFD	7106.6 	14031.2
HFD	6134.0 	15205.3
HFD	7916.3 	9122.8
HFD	3081.5 	11202.1
HFD	2649.1 	10496.3
HFD	2582.4 	11127.2
HFD	3028.3 	12635.9
HFD	3394.8 	7967.2
HFD	3004.1 	8397.3
HFD	2622.4 	11570.7
HFD	5603.5 	9347.6
HFD	5233.7 	10692
HFD	4418.1 	12164.6
HFD	5673.3 	10155
HFD	6291.3 	8163.1
HFD	6132.7 	9866
HFD	6049.8 	10371.8
HFD	7610.8 	9917.4
HFD	6687.4 	11613.3
HFD	6475.6 	11598.3
HFD	5774.5 	13732.1
HFD	6057.9 	10895.8
HFD	7370.6 	10741.7
HFD	7613.5 	10472.7
HFD	6805.9 	10044.7
HFD	5833.9 	15062.3
HFD	4857.4 	10768.7
HFD	6553.6 	11229.9
HFD	4823.8 	7868.6
HFD	5889.1 	12064.3
HFD	5301.0 	9778.1
BPS	5682.9 	9392.0 
BPS	6991.0 	8652.3 
BPS	6054.0 	11336.1 
BPS	6965.7 	12886.1 
BPS	6686.0 	7111.2 
BPS	6061.4 	10344.4 
BPS	6690.9 	11160.4 
BPS	7417.0 	9451.1 
BPS	7013.9 	11942.3 
BPS	7131.8 	8610.0 
BPS	7309.0 	7911.5 
BPS	6891.6 	12035.3 
BPS	5615.7 	11051.3 
BPS	6195.1 	12781.1 
BPS	6430.1 	11464.0 
BPS	6217.7 	7423.3 
BPS	5822.1 	10119.4 
BPS	5791.3 	9338.9 
BPS	6847.9 	11365.4 
BPS	4992.0 	11805.6 
BPS	4727.6 	11424.8 
BPS	7341.7 	7107.2 
BPS	6633.8 	8385.5 
BPS	6676.2 	11183.8 
BPS	6156.1 	9186.3 
BPS	6685.1 	8002.0 
BPS	5545.6 	9974.0 
BPS	6237.7 	12314.4 
BPS	7199.2 	12288.6 
BPS	5995.9 	14175.0 
BPS	5763.8 	9873.1 
BPS	5568.9 	9253.6 
BPS	5665.1 	10354.3 
BPS	6895.8 	12064.9 
BPS	5305.3 	12567.1 
HK	3166.6	10470.4 
HK	2753.7	5989.5 
HK	2971.8	7693.2 
HK	2895	7005.0 
HK	2579.9	8694.3 
HK	3541.9	12636.5 
HK	3089.3	10406.2 
HK	5140.2	7526.1 
HK	5524.5	6571.5 
HK	4626.8	5567.8 
HK	6818.6	5099.0 
HK	6027.3	6460.3 
HK	6316.4	7027.2 
HK	6318.5	6389.5 
HK	7988.3	9505.1 
HK	8768.1	8390.0 
HK	8126.2	10820.3 
HK	8419.9	13523.3 
HK	8217.8	11274.3 
HK	6691.4	11676.8 
HK	6874.5	12426.1 
HK	8532.4	9443.5 
HK	8741.5	11466.7 
HK	7946.8	13357.5 
HK	8823.6	14659.9 
HK	8088.2	11881.6 
HK	8124.6	16119.6 
HK	8514.8	12860.4 
HK	8809	8813.0 
HK	7710.3	7709.7 
HK	9166.8	8710.2 
HK	8716.6	6924.8 
HK	9047.1	7485.1 
HK	7378.2	10499.0 
HK	7336.6	9877.9 
BP	2295.6	11778.4
BP	2423.1	9309.7
BP	2103.1	11957
BP	2417.8	7433.5
BP	2731.1	8977.3
BP	3972.4	9397.9
BP	3015.5	10739
BP	4889.7	7602.8
BP	5004.9	8358.6
BP	4826.3	9751
BP	4988.8	9064.4
BP	5572.2	13392.4
BP	5992.6	12398.7
BP	6110.5	10852.1
BP	4195	8211.2
BP	3604.8	6622.8
BP	4005.7	6990.6
BP	3641.4	7723.4
BP	4333.1	9046.7
BP	2474.2	6939.1
BP	1738.9	8134.7
BP	2741.6	9764.3
BP	2597.6	8704.7
BP	2313.7	10035
BP	2610.9	11957.5
BP	2460.9	10486.5
BP	4258.2	12328.2
BP	4825.6	10041.7
BP	2695.4	8355.2
BP	2220.8	6655
BP	2298.7	7050.8
BP	2372.6	8257.1
BP	2555.1	8450.6
BP	4079.6	8719.1
BP	4302	10255.9

Group	TGR5	FXR	PPARY	PPARA	CPT1B
NC	1.406271351	1.389316214	0.561312075	1.000433311	0.274166651
NC	1.868492794	2.817420691	0.585148619	1.405053437	0.304206946
NC	1.713415447	2.866668338	0.500650248	1.532221638	0.298980853
NC	2.109461855	1.669452447	1.01527813	0.996972075	0.329448531
NC	0.750994892	1.265208365	0.647016765	0.530573674	0.129240039
NC	2.764224901	2.807673156	1.258648115	1.324662652	0.499350597
NC	8.010403967	0.42172516	0.090676656	0.547383935	0.786285416
NC	11.48656081	3.541535491	2.783451606	4.001733243	2.193333207
HFD	0.525540918	0.760159991	1.025889255	1.248871464	0.903204763
HFD	1.773838912	0.90086011	1.001300496	1.061147349	0.731092066
HFD	0.944010623	1.318936401	1.022339948	1.653616856	0.900079912
HFD	1.683979995	0.564237712	1.08438345	1.057476058	0.74387133
HFD	0.278717405	0.972233668	0.902422535	0.680951994	0.984951779
HFD	1.111012463	0.83183829	0.944010623	0.806991286	0.915813032
HFD	1.228480536	2.377384084	1.088148157	0.990085485	1.412376772
HFD	1.773838912	1.020569902	0.947287991	0.793127659	1.775376493
BPS	2.102163672	1.618183257	1.099520879	1.141258021	1.044726278
BPS	1.836393206	0.632604183	0.656048783	0.617976979	0.610526152
BPS	0.793815149	0.578093598	0.420994999	0.276552445	0.431707182
BPS	0.525540918	0.445771102	0.51651244	0.64199101	0.625518735
BPS	0.743227094	0.471188097	0.475288368	0.603165159	0.430213589
BPS	0.743227094	0.458303434	0.523722684	0.683316088	0.571618693
BPS	5.703608668	1.398979673	0.565216309	1.064831386	0.981544104
BPS	7.244444154	2.674696135	0.764122051	1.33387641	0.984951779
HK	1.719363994	0.84345032	0.71542627	0.889227826	0.698884037
HK	4.248268646	3.180767674	0.9538769	1.459652554	0.906340463
HK	0.847846501	0.744516125	0.695862901	1.007391875	1.561708291
HK	2.308370821	0.784244276	0.616372756	0.560825946	1.229545395
HK	4.506086474	0.744516125	0.58921865	0.655480606	1.769234156
HK	2.499907995	0.910275401	0.71542627	1.094767871	0.903204763
HK	3.067099564	2.693300118	0.732994867	0.68568839	0.951400705
HK	3.977536033	1.607005649	0.71048446	1.042917473	0.393142708
BP	2.002600992	1.278431623	0.720402454	0.96635488	0.228953258
BP	3.219585583	2.377384084	0.90869938	1.38091546	3.550752985
BP	5.528449802	1.140269625	0.521910742	0.804199308	0.411260666
BP	1.339667524	1.323515417	0.553584326	1.125545985	0.339886508
BP	1.743365421	1.128475424	0.686282751	1.338507293	0.661184587
BP	3.698332662	2.565740032	1.142247274	1.449569997	0.565706244
BP	1.245629485	2.041139803	1.199036021	1.343154254	0.686877628
BP	3.882201497	1.904450777	0.633701353	2.704993261	1.115835998

Group	DCA	CA	LCA	epiLCA	UDCA	CDCA	3-β-UDCA	HDCA	3-K-5β-CA	copies of BP
NC	62.6256	1.2576	4.3911	9.4626	13.8909	2.289	1.1238	8.2149	12.2811	2.15E+05
NC	87.43333	0.451746	5.278095	7.333016	10.75714	0.936508	0.485714	14.17397	13.08	2.70E+05
NC	237.0337	0.586728	11.92424	11.38783	14.84267	0	0.916313	18.01106	15.41143	7.99E+05
NC	176.1512	0.362202	7.156789	4.71578	7.116881	0	0.384495	7.69156	10.00183	7.25E+04
NC	76.48948	0.500412	4.356804	5.602268	2.601649	0	0.064948	4.716804	11.52711	9.01E+04
NC	60.85784	4.492541	2.419459	0	12.756	3.730703	3.012649	4.555784	0	1.48E+05
NC	31.82767	0.348058	3.135146	6.056796	6.626214	0	0.74767	6.17301	12.0533	5.38E+04
NC	100.9988	8.992535	5.297419	0	34.82793	8.300184	2.49235	9.64424	0	2.32E+05
HFD	148.9618	31.63881	3.718378	0.01 	29.76292	13.44941	3.257514	6.060324	0.471892	8.36E+04
HFD	146.1534	30.35053	3.678	0.01 	31.15421	12.71463	2.208	4.397368	2.325789	3.20E+05
HFD	218.5145	13.70303	5.46	0.01 	22.5103	10.86061	1.888788	12.78576	2.829697	6.81E+05
HFD	36.60685	2.093773	0.534371	0.01 	7.034745	2.241968	1.269738	1.175093	0	9.12E+04
HFD	73.4	34.59271	1.781534	0.01 	38.32813	11.40843	1.840909	3.135511	0	2.31E+05
HFD	132.752	2.722718	2.94466	0.01 	8.791456	1.790971	0.54932	2.719223	0	2.67E+04
HFD	95.51352	20.02986	1.321408	0.01 	11.06676	5.826761	0.753803	2.769577	0.497746	5.16E+04
HFD	101.2057	37.03188	1.665446	0.01 	36.74376	15.41733	1.299505	4.418317	0	2.77E+05
BPS	121.0407	4.10068	1.626408	0.01 	18.14767	2.730291	1.373592	13.74786	0	5.87E+04
BPS	218.7499	90.68567	4.121538	0.01 	67.17087	35.31173	3.556154	25.63471	0	1.81E+04
BPS	205.6003	58.70031	2.94625	0.01 	65.255	24.05938	2.65625	36.00375	0	7.37E+04
BPS	65.40813	37.95719	0.738125	0.01 	59.46719	31.29	1.013125	3.3275	0	9.51E+04
BPS	119.9163	85.43846	1.289538	0.01 	59.31908	39.02123	1.496308	3.490462	0	3.27E+05
BPS	73.64604	6.601981	1.671792	0.01 	13.35736	6.036509	1.179906	2.434811	1.547547	3.17E+05
BPS	80.68696	15.42551	2.062319	0.01 	18.33014	12.00725	0.744928	2.961159	0	4.66E+05
BPS	66.86679	93.64967	0.498419	0.01 	82.83181	34.77991	1.571721	4.242977	0	1.36E+06
HK	344.1256	13.27085	10.32603	0.01 	17.56764	8.284221	0.57196	9.50593	5.610151	6.45E+04
HK	502.0791	22.80063	12.895	0.01 	27.645	15.66906	1.279375	4.663438	43.09656	3.92E+05
HK	315.6993	142.6291	4.931604	0.01 	112.9724	42.63	1.602736	10.04491	6.330283	1.67E+05
HK	194.8244	49.00722	2.637222	0.01 	27.3175	13.80778	1.667778	5.724444	1.243889	2.98E+05
HK	184.8326	14.03538	3.134423	0.01 	28.78558	4.776635	3.307212	6.512019	17.1476	2.98E+05
HK	114.5312	9.836038	1.393019	0.01 	18.84509	6.160472	1.083679	2.645943	4.628208	1.30E+05
HK	363.7362	40.73079	3.003907	0.01 	53.48847	10.3867	0.670884	5.989953	0	2.69E+05
HK	38.59608	8.029952	1.010239	0.01 	11.87397	2.809665	0.506986	1.951005	4.292727	3.06E+05
BP	128.5958	39.67521	2.522535	0.01 	39.61944	19.64	2.929296	15.79437	0	4.89E+07
BP	196.8679	12.16603	5.043492	0.01 	29.53048	8.507619	1.42381	11.90444	1.454603	1.06E+07
BP	204.8448	0.685152	8.714242	0.01 	22.41394	0.847273	4.026061	17.4603	9.843939	4.60E+07
BP	180.2011	2.372755	5.568367	0.01 	19.17061	3.263571	1.848673	8.090816	2.175918	5.18E+07
BP	122.5182	4.450244	3.609366	0.01 	12.7118	3.467707	1.759317	3.779707	7.645463	3.59E+07
BP	231.5599	22.38949	4.516531	0.01 	55.93469	25.19694	3.991837	8.082551	7.661939	1.30E+07
BP	179.2553	9.29198	5.981584	0.01 	52.61168	17.13921	3.581287	15.51861	3.514752	3.05E+07
BP	168.5105	111.7005	3.623938	0.01 	71.61606	28.32	4.096477	14.56446	0	1.55E+07
