Group	Liver	Hepatic steatosis score	Fasn	Acc	Tgr5	Fxr	eWAT	iWAT	pWAT	WAT
HFD	18.65	3	2.357896	1.681793	1.04	1.76	12.23	13.26	8.39	33.88
HFD	19.84	2	0.735858	0.864537	0.77	1.03	14.57	12	13.52	40.09
HFD	20.98	3	0.649544	0.68302	1.37	1.35	13.99	9.87	9.06	32.92
HFD	21.39		0.869043	0.858565	2.13	1.05	12.47	11.44	11.65	35.56
HFD	16.85		2.374296	1.132884	1.28	0.7	17.91	12.15	20.45	50.51
HFD	18		0.428539	0.846745	0.92	0.82	12.23	14.46	9.28	35.97
HFD	21.22		0.549999	0.76313	0.48	0.78	14.25	9.8	14.66	38.71
HFD	17.81		1.824499	1.60214	0.35	0.86	14.24	21.57	20.77	56.58
LCA	17.66	1	0.231246	0.566442	1.32	1.39	12.12	8.02	10.42	30.56
LCA	14.54	2	0.242743	0.266093	2.48	0.8	11.01	5.81	6.89	23.71
LCA	15.85	1	0.065494	0.539614	1.91	1.55	8.71	9.1	7.62	25.43
LCA	17.31		0.271213	0.243164	1.92	3.03	13.88	8.55	12.65	35.08
LCA	15.77		0.065949	0.835088	1.65	3.09	7.8	5.52	5.94	19.26
LCA	11.9		0.402623	0.482968	2.15	1.35	13.14	12.15	13.2	38.49
LCA	15.02		0.097903	0.619854	5.62	1.83	8.07	5.61	5.73	19.41
LCA	12.26		0.1967	0.882703	2.44	1.01	11.32	14.07	13.38	38.77

Group	Dgat1	Ppary	Fxr	Tgr5	Cpt1	Hsl	ACC
HFD	0.622006	0.90125	0.568901	1.009576	0.761808347	0.86904332	1.211042924
HFD	0.855595	0.80107	1.400799	1.159699	0.772442795	1.115352704	1.046991696
HFD	1.419123	1.905276	0.549522	1.295716	1.24616923	1.392328853	1.543547628
HFD	0.923382	0.790041	0.97013	1.082037	0.730775413	1.87579218	0.597185069
HFD	0.879649	1.042466	1.460285	0.961761	1.461550826	0.348082213	0.983672517
HFD	0.832199	0.913831	1.16171	1.304729	0.931417569	0.585402171	0.905163302
HFD	1.85961	1.214195	1.654333	0.548571	1.402013266	0.899690067	1.099044651
HFD	1.053361	0.795536	0.838714	0.885	0.977724561	2.154719392	0.874330117
LCA	0.537747	0.779165	0.383221	1.369596	0.677127773	0.24 	1.02 
LCA	0.976032	0.946058	0.485065	0.765116	0.957603281	0.56 	1.30 
LCA	0.867539	0.687771	0.72009	0.723844	1.123110595	0.37 	1.06 
LCA	0.552865	0.570382	0.399495	0.831478	0.77781556	0.37 	1.41 
LCA	0.861546	1.079228	0.538213	2.645884	1.00521214	0.970970924	2.595927335
LCA	0.192776	0.105112	0.41646	1.457757	1.047899238	0.383553571	0.613974226
LCA	0.149167	0.083043	0.375335	0.656902	0.81648597	0.340918785	0.553344556
LCA	0.471392	0.558644	0.252832	0.9888	0.468948045	0.206970922	0.771773814

Group	Ewat
HFD	4579.84
HFD	5430.29
HFD	5594.26
HFD	5605.05
HFD	5835.81
HFD	5909.29
HFD	6053.87
HFD	6062.06
HFD	6126.67
HFD	6471.75
HFD	6479.52
HFD	6907.4
HFD	7029.42
HFD	7033.55
HFD	7136.09
HFD	7179.72
HFD	7190.46
HFD	7237.74
HFD	7292.25
HFD	7328.35
HFD	7329.21
HFD	7351.5
HFD	7375.9
HFD	7418.4
HFD	7517.85
HFD	7528.22
HFD	7552.72
HFD	7570.29
HFD	7625.88
HFD	7719.02
HFD	7785.6
HFD	7798.84
HFD	7811.73
HFD	7862.1
HFD	7876.97
HFD	7879.24
HFD	7907.28
HFD	7907.73
HFD	7987.23
HFD	8014.48
HFD	8248.45
HFD	8335.94
HFD	8401.52
HFD	8453.64
HFD	8556.87
HFD	8907.02
HFD	9368.7
HFD	9430.62
HFD	9461.72
HFD	9924.45
HFD	10561.47
HFD	11073.31
HFD	12102.67
HFD	12432.85
HFD	12599.48
HFD	15135.15
LCA	4529.94
LCA	4752.74
LCA	4782.96
LCA	4818.86
LCA	5483.2
LCA	5608.92
LCA	5873.2
LCA	5875.55
LCA	6143.26
LCA	6196.59
LCA	6250.88
LCA	6259.17
LCA	6269.04
LCA	6276.41
LCA	6276.43
LCA	6288.2
LCA	6334.03
LCA	6341.55
LCA	6375.95
LCA	6400.62
LCA	6400.74
LCA	6469.41
LCA	6575.41
LCA	6578.97
LCA	6646.42
LCA	6841.83
LCA	6947.45
LCA	6969.67
LCA	6987.3
LCA	7033.96
LCA	7046.16
LCA	7087.01
LCA	7147.1
LCA	7301.83
LCA	7338.5
LCA	7387.84
LCA	7551.58
LCA	7553.02
LCA	7651.11
LCA	7663.43
LCA	7675.81
LCA	7684.75
LCA	7707.87
LCA	7757.42
LCA	7900.76
LCA	7951.3
LCA	7952.12
LCA	8054.89
LCA	8208.75
LCA	8216.8
LCA	8423.9
LCA	8463.42
LCA	8553.38
LCA	8804.27
LCA	10159.07
LCA	10965.28

Group	Average daily intake
HFD	23.78
HFD	25.65
HFD	22.61
HFD	20.62
 	
LCA	20.83
LCA	20.39
LCA	20.69
LCA	20.33
LCA	21.63

Group	ALT	AST	ALP	GLU	TG	CHOL	LDLC	HDLC	LIP	TBA	LPL
HFD	31.6	82	274	9.2	2.62	2.08	0.35	1.36	15.1	14.5	3.479702
HFD	39.3	89	212	8	1.61	2.25	0.53	1.35	15.4	3.9	4.370889
HFD	28.1	95	251	7.4	2.14	1.77	0.36	1.05	16.1	24.8	3.531742
HFD	27.7	91	197	9	2.04	2.16	0.35	1.38	15.5	10.9	2.883409
HFD	30.3	87	298	6.3	2.73	1.96	0.22	1.38	16.3	4.8	4.557366
HFD	20.5	91	192	7.5	1.85	2.22	0.4	1.53	15.4	21	3.245522
HFD	28.9	91	218	7.5	4.26	2.22	0.37	1.24	17.3	6.2	4.789378
HFD	38.5	153	288	8.3	1.58	2.71	0.54	1.76	18.1	16	4.167065
LCA	21.2	69	220	7.9	2.28	1.53	0.34	0.87	15	24.3	4.583386
LCA	23.6	90	228	8.7	1.34	2.1	0.48	1.35	15.5	9	4.310175
LCA	21.9	86	162	7.4	1.81	1.92	0.45	1.15	14.9	14.1	6.274689
LCA	54	110	278	8.1	0.95	2.54	0.6	1.63	14.1	19.9	4.986696
LCA	39.7	138	158	7.8	0.74	2.14	0.61	1.23	16	11.5	4.919478
LCA	77.9	190	332	7.1	0.75	2.63	0.78	1.58	14.5	34.8	5.710921
LCA	27.8	91	183	7.4	0.94	1.94	0.57	1.08	14.8	22.3	5.476741
LCA	228.2	395	327	7.3	1.5	2.18	0.63	1.21	13.4	33.8	6.099053

	TP	ALP	LDH	GLU	TG	CHOL	LDL-C3	HDL-C4	LIP	oNEFA	DAO	TBA	背膘厚	NEFA
NC	77.90 	193.00 	723.00 	5.20 	0.97 	2.97 	1.49 	1.72 	73.60 	0.31 	0.50 	4.90 	23.88	2.41011529
NC	74.20 	80.00 		4.90 	1.01 	1.84 	1.55 	0.35 	19.30 	0.04 	1.10 	8.90 	26.32	3.142894622
NC	75.50 	150.00 	486.00 	4.00 	0.74 	2.74 	1.90 	1.04 	18.20 	0.06 		10.40 	26.39	3.388439597
NC	69.60 	108.00 	462.00 	3.90 	0.46 	2.44 	1.71 	0.89 	18.20 	0.04 	0.70 	10.60 	28.77	2.88448368
NC	75.20 	113.00 	348.00 	4.20 	0.70 	2.57 	1.47 	1.19 	5.80 	0.06 		54.60 	21.55	3.15577345
NC	76.20 	207.00 	385.00 	5.30 	0.60 	3.08 	1.99 	1.43 	23.40 	0.04 	1.40 	7.50 		
LCA	70.20 	153.00 	536.00 	4.10 	0.32 	1.87 	1.48 	0.45 	11.70 	0.06 	0.60 	34.90 	23.47	1.474822487
LCA	76.50 	110.00 	654.00 	4.10 	0.30 	2.04 	1.51 	0.67 	27.40 	0.05 	1.00 	31.00 	24.83	2.671399557
LCA	63.90 	65.00 		4.70 	0.39 	2.23 	1.91 	0.30 	12.10 	0.14 	0.80 	7.70 	21.68	2.602616685
LCA	76.10 	240.00 	645.00 	4.80 	0.64 	2.34 	1.43 	1.04 	29.30 	0.04 	1.80 	10.10 	16.38	2.079506464
LCA	77.70 	201.00 		4.70 	0.63 	2.71 	1.72 	1.10 	14.60 		2.40 	17.80 	18.78	1.849833887
LCA	82.80 	133.00 	461.00 	2.70 	0.44 	2.80 	2.00 	1.02 	26.30 	0.04 	2.30 	31.80 		

Group	SAT
NC	10959.5
NC	8502.6
NC	12643.3
NC	9395.8
NC	15199
NC	8017.7
NC	10064.2
NC	10086.9
NC	7973.1
NC	9805.5
NC	6195.8
NC	4831.2
NC	8746.9
NC	9614.1
NC	7478.6
LCA	9820.4
LCA	10567.9
LCA	11783
LCA	8753.9
LCA	9028.7
LCA	5008.9
LCA	4262.3
LCA	7809.9
LCA	4548.3
LCA	7018.2
LCA	5134.7
LCA	5883.1
LCA	8317.2
LCA	7065.7
LCA	6875.7

肝脏	FASN	ACC	HSL	LPL	SREBP1	ATGL	PPARY	FABP4	CPT1	AMPKA
NC	0.673305583	0.664957174	1.023373892	1.110595406	0.940391454	1.072764449	1.154552145	1.198585922	1.031921576	0.628216323
NC	1.463409301	1.141818493	0.749153538	1.087739683	1.435281117	0.603461373	0.937787746	0.412176264	0.568539832	0.706780104
NC	1.148167666	0.779885013	0.897095409	0.435677747	1.266926942	0.753319267	0.740891061	0.528997692	1.121425152	1.056529707
NC	0.917639882	0.978063473	1.156688184	1.644900137	0.618995145	1.5888688	1.104964485	1.876442393	0.877821798	1.244874235
NC	0.963261894	1.726679117	1.257013375	1.155085785	0.944747041	1.29056249	1.128182137	2.039195366	1.731473131	1.712376569
LCA	1.233422156	1.795849768	0.585064127	0.374923112	0.671131169	0.600679222	0.795904185	0.982593545	2.546766455	1.446600612
LCA	1.30374947	1.898245603	0.561231024	0.222930616	0.564351794	0.617566614	0.707433609	0.969065889	2.825814311	1.378086711
LCA	1.37490633	1.907037659	0.49425701	0.321153146	0.712683453	0.591042317	0.495629283	1.029064445	2.685765477	1.443262113
LCA	1.156153804	1.880782908	0.454809197	0.303829389	0.603461373	0.536382225	0.531202313	0.966829456	2.387222988	1.19692548
