Group	Accumulative food intake	WAT	Group	Ewat	Pwat	Swat	WAT	liver
DLY-CD	179.2533333	1.354563362	DLY-CD	0.16 	0.09 	0.21 	0.46 	1.3498
DLY-CD	208.2133333	1.801880457	DLY-CD	0.21 	0.08 	0.26 	0.55 	1.3902
DLY-CD	181.8466667	1.400478796	DLY-CD	0.22 	0.15 	0.14 	0.51 	1.211
DLY-CD	224.3933333	1.562190813	DLY-CD	0.28 	0.15 	0.32 	0.74 	1.1765
DLY-CD		1.564618644	DLY-CD	0.2693	0.1795	0.5452	0.994	1.2549
DLY-CD		1.323539122	DLY-CD	0.20 	0.12 	0.35 	0.67 	1.1895
DLY-CD		1.528308563	DLY-CD	0.24 	0.17 	0.17 	0.58 	1.4906
DLY-CD		1.629797627	DLY-CD	0.27 	0.16 	0.50 	0.93 	1.0723
NX-CD	186.1116667	0.824635332	NX-CD	0.24 	0.17 	0.48 	0.89 	1.2036
NX-CD	207.1016667	0.720151611	NX-CD	0.31 	0.22 	0.48 	1.01 	1.2898
NX-CD	218.855	1.303362832	NX-CD	0.23 	0.18 	0.28 	0.69 	1.2961
NX-CD	184.8933333	1.580895964	NX-CD	0.28 	0.16 	0.39 	0.84 	1.1042
NX-CD		1.353713428	NX-CD	0.16 	0.15 	0.31 	0.62 	1.3357
NX-CD		1.139476515	NX-CD	0.27 	0.18 	0.46 	0.90 	1.2546
NX-CD		1.582018349	NX-CD	0.25 	0.16 	0.46 	0.86 	1.0957
NX-CD		1.783822477	NX-CD	0.24 	0.22 	0.40 	0.86 	1.0946

Group	PGC1A	HSL	CPT1B	PPARA	ACC1	FXR	FASN	TGR5	PPARY	SREBP1	LPL
NX-CD	0.698278762	1.351325289	1.450826498	1.463451567	0.905555519	0.850053177	1.020569902	0.622660582	0.655480606	1.241319935	0.51427966
NX-CD	0.660611963	0.522815928	1.107168651	1.164229113	1.298526089	0.804199308	1.473630677	0.475170724	0.823947888	0.807690794	0.790383645
NX-CD	0.973919881	1.160201187	1.460917794	1.546894707	1.040210135	0.700096161	0.768104763	0.502264028	0.607360504	0.748396647	0.566687388
NX-CD	1.249953998	1.045631856	1.154185411	1.365448593	1.091925933	0.996972075	0.834726224	0.215613267	0.660039834	0.669833762	0.463494781
NX-CD	1.232745512	0.814719306	0.944010623	0.025905011	0.868666918	0.740014272	0.582114557	0.50575755	0.578594695	0.567178598	0.517856758
NX-CD	2.851804334	0.675662645	1.138295399	0.550713928	1.08438345	0.626603616	0.678008375	0.576949862	0.702526718	0.629324058	1.474908034
NX-CD	3.099155191	1.11293937	1.3630845	0.93911582	0.89930039	0.6137083	0.586163484	0.512817662	0.692854826	0.764122051	0.768770563
NX-CD	2.365057075	0.942376194	1.245629485	1.156187195	0.970550374	0.576592909	0.645896541	0.862453068	0.517856758	0.470372297	0.620122439
DLY-CD	0.753602157	0.62606094	0.488650543	0.711716703	0.720402454	0.662331326	0.47942432	0.516384591	0.379093336	0.349139381	0.702526718
DLY-CD	0.583124159	0.608941271	0.545962967	0.562285598	0.944010623	0.63976989	0.68747302	0.686112881	0.438492782	0.544074078	0.768770563
DLY-CD	1.054730928	1.027668527	1.008265092	1.924355042	0.753602157	1.214721008	0.754909182	0.693283753	0.936677944	0.905555519	0.850053177
DLY-CD	1.207375976	1.128475424	0.740655723	1.300778214	1.307558052	1.553610655	1.957992176	1.236719103	1.338507293	2.03055626	0.61158503
DLY-CD	1.626617454	1.082505984	1.666562011	0.602642782	0.984098753	1.098568629	0.945647887	0.491927583	1.042917473	1.70748748	1.110050261
DLY-CD	0.940744595	0.922982372	1.576663735	1.148200827	0.874708974	1.053817469	1.01352031	1.353333925	1.444554866	1.276218188	1.495496983
DLY-CD	1.335032627	1.140269625	0.824662094	1.509818365	1.080631768	1.133374776	0.797952625	0.902199166	1.665118671	1.316652838	0.793127659
DLY-CD	0.874708974	1.985324728	2.316384904	0.955531276	1.604223331	0.953050786	2.683982007	0.84	1.912719078	0.997836259	2.704993261

	Accumulative food intake	Glucose, mmol/L	TG	CHOL	LDL-C3	oNEFA	TBA	liver	hepatic steatosis	eWAT	pWAT	sWAT	WAT
NX-HFD	150.60 	10.2	1.26	5.08	0.7	1.19	1.2	1.1117	0	2.1019	0.8476	2.095	5.0445
NX-HFD	145.73 	13.6	1.48	4.97	0.64	1.1	1	1.2966	1	2.2489	1.1288	2.6039	5.9816
NX-HFD	147.09 	13.6	1.52	5.3	0.72	1.35	1.2	1.514	1	2.0118	0.8495	2.806	5.6673
NX-HFD	141.60 	8.9	1.09	4.85	0.68	1.78	1.2	1.1475	2	2.0839	1.3216	2.2801	5.6856
NX-HFD	.	6.4	1.19	4.81	0.73	1.62	1.1	1.2983		2.0521	1.2138	1.8859	5.1518
NX-HFD	.	11.7	1.42	6.42	1.05	1.45	1.4	1.0132		1.1916	1.1619	1.7253	4.0788
NX-HFD	.	10.9	1.57	6.57	1.04	1.51	2.1	1.143		1.9344	1.1126	2.6198	5.6668
NX-HFD	.	7.7	1.53	5.42	0.82	1.31	1.6	1.11		2.4441	1.1251	2.665	6.2342
DLY-HFD	159.38 	12.9	1.77	6.79	1.2	2.44	0.8	1.2815	2	1.2874	0.7007	1.1277	3.1158
DLY-HFD	149.72 	12	1.53	5.75	0.95	1.78	0.7	1.5216	3	1.9135	0.8446	1.9141	4.6722
DLY-HFD	151.34 	12	1.46	6.2	1.06	1.68	0.8	1.388	3	1.3443	0.6363	1.1048	3.0854
DLY-HFD	154.67 	10.5	2.3	7.12	1.32	2.2	1.3	1.6377	3	0.657	0.5985	1.1802	2.4357
DLY-HFD	.	13.1	1.69	5.52	0.79	1.61	1	1.2113		1.0953	0.9727	1.4132	3.4812
DLY-HFD	.	13.3	1.52	5.42	0.83	1.46	0.8	1.6413		2.0911	0.1078	1.5333	3.7322
DLY-HFD	.	15.5	1.45	6.44	1.14	1.55	1.1	1.3343		1.8635	0.987	2.2478	5.0983
DLY-HFD	.	12.1	1.67	6.1	1.04	1.33	0.7	1.2826		1.8211	0.8485	1.7449	4.4145

Group	PGC1A	HSL	CPT1B	PPARA	ACC1	FXR	FASN	TGR5	PPARY	SREBP1	LPL
NX-HFD	0.29614487	1.697162845	0.18214067	1.571208893	1.881489189	4.022590837	5.713500837	0.794503236	2.118620226	3.597201561	0.267132053
NX-HFD	0.242217499	1.949528168	0.25580653	1.855586172	1.377330705	2.493418417	2.916776817	0.998701193	1.519003296	1.914377041	1.747902849
NX-HFD	1.031236333	1.639351248	0.29	1.367816786	0.743227094	2.510761514	1.509818365	1.147206418	2.30237846	0.691056225	13.60085083
NX-HFD	0.522815928	1.304163728	0.319331107	2.073222563	2.398072041	4.620743478	9.947782744	0.998701193	3.189046204	3.936395011	0.69045773
NX-HFD	0.420266102	2.039372056	0.22816114	2.124134323	1.554957339	4.767143322	6.771028539	1.949528168	2.493418417	3.60969014	0.51427966
NX-HFD	0.29820472	1.662235739	0.289799096	1.868492794	1.465989733	3.550752985	5.518878024	0.538913264	1.909407459	2.109461855	0.35004808
NX-HFD	0.588198496	1.498090728	0.356784538	1.358368586	0.743227094	3.290085327	2.165011968	0.535190718	1.477466071	1.773838912	0.218487856
NX-HFD	0.492902772	1.432092817	0.402797044	2.356874599	1.245629485	3.740224843	2.656220659	0.922183016	1.65648484	1.80484507	0.289297347
DLY-HFD	1.176396992	2.334518465	0.474054554	2.398072041	0.98069403	2.965190923	0.321830955	1.383310479	2.103985847	2.491258971	0.254480144
DLY-HFD	0.560340238	1.074097531	0.312759367	1.93438505	1.065754391	2.310371739	1.287323818	1.354842361	0.948109109	2.52603565	0.584641846
DLY-HFD	3.07241905	0.565706244	0.28	0.345528113	0.405247446	0.398630775	0.378765019	0.555987749	1.033920315	0.624976999	0.31
DLY-HFD	0.855224448	1.037509826	0.306322873	0.960511638	1.276218188	1.503291723	1.698633962	1.123597251	1.037509826	1.245629485	0.458700695
DLY-HFD	0.94	5.109297705	0.28	2.679335048	0.79	0.686877628	0.79	4.986836835	0.99	3.3796527	0.31
DLY-HFD	0.494614007	0.775460392	0.297946458	0.769436941	0.987515296	0.87546718	0.916606868	1.264112621	0.808390908	0.481923147	0.272745065
DLY-HFD	0.150660696	0.334047461	0.118103613	0.320162224	0.214176931	0.529655056	0.229947274	0.242007724	0.251411927	0.356475542	0.036666973
DLY-HFD	0.279200804	0.513389253	0.171719407	0.984098753	0.627146762	0.7647844	0.678008375	0.55985495	0.731092066	0.351567838	0.248380703

Group	iwat		Group	Ewat		Group	iwat		Group	ewat
DLY-CD	3490.2		DLY-HFD	9097		DLY-HFD	9097		DLY-CD	1623.9
DLY-CD	3578.9		DLY-HFD	7222.6		DLY-HFD	7222.6		DLY-CD	1456.9
DLY-CD	4424		DLY-HFD	7493.3		DLY-HFD	7493.3		DLY-CD	1070.1
DLY-CD	2550		DLY-HFD	8860.5		DLY-HFD	8860.5		DLY-CD	2070.2
DLY-CD	1398.5		DLY-HFD	7921.6		DLY-HFD	7921.6		DLY-CD	1069.7
DLY-CD	2718.6		DLY-HFD	7687.6		DLY-HFD	7687.6		DLY-CD	834
DLY-CD	3656.6		DLY-HFD	8013.3		DLY-HFD	8013.3		DLY-CD	628.6
DLY-CD	1799.4		DLY-HFD	6454.4		DLY-HFD	6454.4		DLY-CD	5310.9
DLY-CD	2858.7		DLY-HFD	4820.5		DLY-HFD	4820.5		DLY-CD	4031.3
DLY-CD	2262.8		DLY-HFD	10059.7		DLY-HFD	10059.7		DLY-CD	6645.5
DLY-CD	1444.8		DLY-HFD	7846.7		DLY-HFD	7846.7		DLY-CD	3737.9
DLY-CD	1332.2		DLY-HFD	7520.4		DLY-HFD	7520.4		DLY-CD	2301.5
DLY-CD	2269.3		DLY-HFD	5623.7		DLY-HFD	5623.7		DLY-CD	2972
DLY-CD	1577		DLY-HFD	8029.1		DLY-HFD	8029.1		DLY-CD	4634.3
DLY-CD	2642.8		DLY-HFD	8888.4		DLY-HFD	8888.4		DLY-CD	2417.9
DLY-CD	4884.4		DLY-HFD	7569.2		DLY-HFD	7569.2		DLY-CD	2199.7
DLY-CD	4262		DLY-HFD	8891.7		DLY-HFD	8891.7		DLY-CD	2024
DLY-CD	6255.4		DLY-HFD	7296.6		DLY-HFD	7296.6		DLY-CD	5498.9
DLY-CD	3790.8		DLY-HFD	7056.8		DLY-HFD	7056.8		DLY-CD	3202.9
DLY-CD	5019.4		DLY-HFD	7222.5		DLY-HFD	7222.5		DLY-CD	2697.2
DLY-CD	4662.5		DLY-HFD	6282.3		DLY-HFD	6282.3		DLY-CD	3224
DLY-CD	2313.1		DLY-HFD	6079.8		DLY-HFD	6079.8		DLY-CD	3335.8
DLY-CD	3087.4		DLY-HFD	5166.3		DLY-HFD	5166.3		DLY-CD	3603.7
DLY-CD	4599.7		DLY-HFD	5647.7		DLY-HFD	5647.7		DLY-CD	5667.4
DLY-CD	2393.8		DLY-HFD	5589.4		DLY-HFD	5589.4		DLY-CD	4503.7
DLY-CD	1952.1		DLY-HFD	6290.1		DLY-HFD	6290.1		DLY-CD	6527.4
DLY-CD	2749.3		DLY-HFD	5770.9		DLY-HFD	5770.9		DLY-CD	5634.4
DLY-CD	2954.3		DLY-HFD	5948.1		DLY-HFD	5948.1		DLY-CD	4692.8
NX-CD	2461.9		NX-HFD	12419.7		NX-HFD	12419.7		NX-CD	7391.1
NX-CD	2525.7		NX-HFD	9971.8		NX-HFD	9971.8		NX-CD	4308.5
NX-CD	2597.7		NX-HFD	9921.2		NX-HFD	9921.2		NX-CD	4670.2
NX-CD	2602		NX-HFD	12659.9		NX-HFD	12659.9		NX-CD	4389.7
NX-CD	2473.7		NX-HFD	11356.3		NX-HFD	11356.3		NX-CD	2021.8
NX-CD	2454.9		NX-HFD	8263.8		NX-HFD	8263.8		NX-CD	4588.6
NX-CD	2495.8		NX-HFD	13763.9		NX-HFD	13763.9		NX-CD	4058.2
NX-CD	5597.3		NX-HFD	10612.1		NX-HFD	10612.1		NX-CD	6541
NX-CD	3451.7		NX-HFD	9459.5		NX-HFD	9459.5		NX-CD	5238.4
NX-CD	3463.1		NX-HFD	11182.9		NX-HFD	11182.9		NX-CD	2665.9
NX-CD	2205.2		NX-HFD	8359.2		NX-HFD	8359.2		NX-CD	5148.3
NX-CD	4618.9		NX-HFD	7135.8		NX-HFD	7135.8		NX-CD	9931.4
NX-CD	1928.6		NX-HFD	9657.6		NX-HFD	9657.6		NX-CD	4501.8
NX-CD	3050.8		NX-HFD	9640.3		NX-HFD	9640.3		NX-CD	5649.7
NX-CD	4263.4		NX-HFD	9880.1		NX-HFD	9880.1		NX-CD	2765.6
NX-CD	3694		NX-HFD	10230.6		NX-HFD	10230.6		NX-CD	2157.2
NX-CD	4866.9		NX-HFD	8991.9		NX-HFD	8991.9		NX-CD	4337.4
NX-CD	3543.5		NX-HFD	11093.3		NX-HFD	11093.3		NX-CD	3228.7
NX-CD	3296.1		NX-HFD	9002.6		NX-HFD	9002.6		NX-CD	3494.5
NX-CD	2811		NX-HFD	8754.6		NX-HFD	8754.6		NX-CD	2384
NX-CD	4217.3		NX-HFD	9285.4		NX-HFD	9285.4		NX-CD	3007
NX-CD	4268.2		NX-HFD	10099.5		NX-HFD	10099.5		NX-CD	4593.8
NX-CD	3993.1		NX-HFD	11197.7		NX-HFD	11197.7		NX-CD	4036.7
NX-CD	4147.1		NX-HFD	10850		NX-HFD	10850		NX-CD	3040.4
NX-CD	3741.4		NX-HFD	12803.8		NX-HFD	12803.8		NX-CD	1981.7
NX-CD	2953.5		NX-HFD	13843.3		NX-HFD	13843.3		NX-CD	5998.3
NX-CD	5964.4		NX-HFD	15658.9		NX-HFD	15658.9		NX-CD	2003.7
NX-CD	3105.8		NX-HFD	16414.7		NX-HFD	16414.7		NX-CD	3956.1
